2589581
3351879
2395170
933860
2361809
433561
2233387
3374766
239880
2434508
921929
203312
223816
357994
2309096
338010
337996
2400553
2413451
2300660
2420477
2372248
2287781
192950
932692
2275384
2215636
1062947
927384
2453866
2378080
934292
1024031
2542007
1036973
3355338
2440476
2328926
2260494
49518
935317
3370751
2245662
241170
2403846
51537
953987
7909807
366755
934841
2410758
149590
2363686
2464461
226074
2461445
895949
878675
6697173
3371123
1546748
1547314
3474415
1149361
174982
587116
290291
1210997
1252634
1282588
1820814
1831722
1814991
2078138
1547376
614540
1819730
1269750
1643084
130758
99237
294640
1861060
248816
1522867
285570
1527747
1655842
272103
1821275
1733045
1282028
2029969
1327865
1282988
1873107
286963
1168579
6254930
1694008
289688
102358
1880251
1835841
1227603
163843
1668284
1220409
1605651
298795
1218197
290557
1512440
1562822
69543
783754
3041565
2782113
630336
2802361
3277605
732800
3202326
146669
3077311
2623032
453733
2622320
660013
3017382
2921044
2411586
390903
719819
2629691
2963597
3175395
831053
458258
3042058
597427
2960313
718075
2562770
617790
2993457
3194884
2750405
3144096
798544
2264397
798549
2017370
3168068
6290252
3057568
3190538
2510769
607072
2661886
2658434
690791
2635167
3164670
661882
3573511
3576396
3577279
3572887
3374084
3582678
3573345
7626844
3577718
6251999
3580718
3624060
3562981
7626836
3575830
3508796
3585968
3425505
3580239
3579143
3595528
3723988
3608932
3489940
3570311
3996063
3578097
3617476
3703430
4566966
3578476
3575174
3576468
3578421
3424932
3577815
7609695
3573591
3576916
4796775
6252001
5880801
2077456
1899402
2170371
1966436
2205218
4030656
4043988
8335033
4030945
2080185
2081918
2110425
2139685
2186224
4036232
2155115
4041468
1559582
2088628
4030699
4034894
2103350
2077507
4031074
4032283
2110297
5854968
2134431
4034749
3865483
3923057
3469034
3895114
3686110
3658394
3474414
3381670
3378535
3437598
3932488
3382998
3439705
3625428
